0 0.22222503658673873
1 0
2 0.22565443529949702
3 0.18156962840323768
4 0.2882209081617754
5 0.23383380715470267
6 0.2870891506689936
7 0
8 0.2611921537494625
9 0.21604147856302497
10 0.31673084636983556
11 0
12 0
13 0.2569843129597084
14 0.19826993094789705
15 0.2758944793850454
16 0.2649786905600859
17 0.2712038468143569
18 0
19 0.18969609609609608
20 0.3592729092729093
21 0.24520526675361778
22 0.1872666903830191
23 0.2497422272827909
24 0.2477674228874455
25 0.27711448024145435
26 0.26707593438187044
27 0
28 0.2380853309211518
29 0.22341340576634694
30 0.25146014458138277
31 0.30925077350879254
32 0.2681370551480576
33 0.3308236970001676
34 0.28615278683771833
35 0.27632895888014
36 0.2618157100699625
37 0.2729758694600014
38 0.2885052431583178
39 0.21884371275740694
40 0.2958005544317075
41 0.26683225195998916
42 0
43 0.2391887798376348
44 0.26228533466201626
45 0.2185711122183469
46 0.2770269796161808
47 0.28102000142358885
48 0.23204031855182344
49 0.2915734278645545
50 0
51 0.2392540072114656
52 0
53 0.2509566488685482
54 0.28347154909352
55 0.27606810712537583
56 0
57 0.2886001461988304
58 0
59 0.2515322375127421
60 0.2467222847144107
61 0.25600946730214313
62 0.24236034376918356
63 0.2855009581661062
64 0.2661038654669228
65 0.289266219731106
66 0.25386123971193414
67 0.21095081616841654
68 0.30118243887553875
69 0.12837934510454266
70 0.2620503119607062
71 0.2712038468143569
72 0.29670086048171945
73 0.2566084950115368
74 0
75 0.23389614621286176
76 0.15351608826674443
77 0.2277633552555671
78 0.22883266678258854
79 0.26259935481725366
80 0.2620503119607062
81 0.1942746776892038
82 0.21377788607320772
83 0.2914765596160945
84 0
85 0.0
86 0.26033959775799537
87 0.29041524145794256
88 0.29012713109935334
89 0.23315026426905247
90 0.2360356320808298
91 0.2898395918217524
92 0.0
93 0.22449960195610144
94 0.2515322375127421
95 0.2873712559595298
96 0.23654474102034093
97 0.25758791674822207
98 0.22021697902721998
99 0.2608814880893382
100 0.26740153747163803
101 0.2653794447805337
102 0.0
103 0.21524642896085486
104 0.27676480897301087
105 0.2871831242044008
106 0.20479562195248469
107 0.17539872939713003
108 0.29264324364391076
109 0.25009818826808566
110 0.2939177368323097
111 0.2509566488685482
112 0.28765391621129327
113 0.2759812659466639
114 0.24472648380598172
115 0.2479775139752528
116 0.31277876807288574
117 0.2758944793850454
118 0.2509566488685482
119 0.18063505135771968
120 0
121 0
122 0.28337998851564744
123 0.2894570915356135
124 0.1757853024332688
125 0.289266219731106
126 0.26103672848689213
127 0.2869952386144732
128 0.19728905879119507
129 0.3279792315680166
130 0.2908002798954075
131 0.2509566488685482
132 0.24479476686507937
133 0.1432866967898815
134 0.22746809552617175
135 0.2789648472001413
136 0
137 0.29215599215599214
138 0.2478374136848713
139 0.22171959677645803
140 0.28643305401385716
141 0.25995390946502056
142 0.2842982645639807
143 0.26033959775799537
144 0.24896266868457562
145 0.2558601471112407
146 0.0
147 0.2515322375127421
148 0.2187345909858999
149 0.27781648019140104
150 0
151 0.2768521440342204
152 0.20944006790270814
153 0.294905695611578
154 0
155 0.3128903154224124
156 0.3024282814355203
157 0.2873712559595298
158 0.23197896468652682
159 0.2509566488685482
160 0
161 0
162 0.24050012183235867
163 0.19574842580197332
164 0.26986910010595033
165 0.24256136147206095
166 0.3024282814355203
167 0.2831056613244416
168 0.304422083429717
169 0.2712038468143569
170 0.21176549467642877
171 0.0
172 0
173 0.0
174 0.24981333839534295
175 0
176 0.25496787109690333
177 0.2454110334110334
178 0
179 0.2648187275715196
180 0.2056597385008074
181 0.28624614826898676
182 0.2497422272827909
183 0.2712038468143569
184 0
185 0
186 0.1448002053877611
187 0.0022222222222222222
188 0.16584961142617097
189 0.24370679012345678
190 0.3014929362352043
191 0.2515322375127421
192 0.25167654745968
193 0.31144637715457735
194 0.2227893459737035
195 0.21556374556374555
196 0.22352724699221516
197 0.25327495509366177
198 0.2497422272827909
199 0.24981333839534295
200 0.29560122791254867
201 0.26642710125856195
202 0.0
203 0
204 0.2781688156133305
205 0
206 0.30697846201695045
207 0
208 0.2855009581661062
209 0.24700012512512512
210 0.2585748436323149
211 0.21700332536345399
212 0.0
213 0.24981333839534295
214 0.3023240676927789
215 0
216 0
217 0
218 0.21582889162224955
219 0.24981333839534295
220 0.2941147986739673
221 0
222 0.2939177368323097
223 0
224 0
225 0.27914236221585886
226 0.23802073913305602
227 0.24129385160738295
228 0
229 0.31627413282063604
230 0.2692892708546484
231 0.22228133885088533
232 0
233 0.23776272207166516
234 0
235 0.298416477702192
236 0.2393845687433682
237 0.3017002903866728
238 0
239 0
240 0.0
241 0.2693719510114966
242 0.272213603612921
243 0.2712038468143569
244 0.2885052431583178
245 0.27632895888014
246 0.21414313996691345
247 0.2184078776311786
248 0.2648187275715196
249 0.29031914111331714
250 0.2667511232728624
251 0
252 0
253 0.2886001461988304
254 0.25781499983674533
255 0.2105963620846002
256 0.23763392319730348
257 0.2518210230896798
258 0.358978905255501
259 0.2298518324454924
260 0.30957813847722104
261 0.2758944793850454
262 0.2882209081617754
263 0.20503492508633897
264 0.0022222222222222222
265 0
266 0.3191503981245706
267 0.24479476686507937
268 0.18474298682763624
269 0.294905695611578
270 0.16175229432972796
271 0.2867138707334786
272 0.2867138707334786
273 0
274 0.21044481756882813
275 0.28120014245014247
276 0.31479886775904
277 0.2080987771452667
278 0.2173258470261195
279 0.19014834079853585
280 0
281 0.2758944793850454
282 0.2758944793850454
283 0
284 0.22949109192896794
285 0.2993328026081353
286 0.21770333609043285
287 0
288 0
289 0
290 0
291 0.28624614826898676
292 0.27949807086474815
293 0.23654474102034093
294 0.0
295 0.2738278540712998
296 0.2358452807646356
297 0.23464681584499716
298 0.2680551312082018
299 0.23990824294351776
300 0.31255591180778214
301 0.2940162347333929
302 0.28727715928108855
303 0.25437646983022455
304 0.2637836573795684
305 0.2930342165813108
306 0.2515322375127421
307 0.3274895276015097
308 0.31233337288873064
309 0
310 0.2681370551480576
311 0.30697846201695045
312 0.26862965230999525
313 0.2601851851851852
314 0
315 0.21171439296439296
316 0.26920664143738704
317 0.2515322375127421
318 0
319 0.261893864013267
320 0.0
321 0
322 0.28803166265411834
323 0.20484343788102835
324 0.2366085341004435
325 0.1988541351868641
326 0
327 0
328 0.30805633583021225
329 0.2167352876592007
330 0.23763392319730348
331 0.16804145651109834
332 0.21813636112492402
333 0
334 0.29031914111331714
335 0.28803166265411834
336 0
337 0.22171959677645803
338 0.20944006790270814
339 0.3093598182103119
340 0.24981333839534295
341 0.28615278683771833
342 0.28237671208382503
343 0.2611921537494625
344 0.23216312369527506
345 0.2759812659466639
346 0.2958005544317075
347 0.31177840953960356
348 0
349 0.28746541430027667
350 0.2712038468143569
351 0.27255186220703465
352 0
353 0.31255591180778214
354 0.21095081616841654
355 0.24479476686507937
356 0.28615278683771833
357 0.23414583518666784
358 0.22273278609912273
359 0.23167268139541708
360 0.25751231125460655
361 0.21004176309419306
362 0.261114417989418
363 0.20479562195248469
364 0.23654474102034093
365 0.29031914111331714
366 0.3253038355374284
367 0.21482479051039285
368 0.28812625433315087
369 0.2258868291566541
370 0.28633957064113724
371 0.2466529222503358
372 0.23094089087771635
373 0.30336944828646073
374 0
375 0.2739988895828996
376 0.28129029959744933
377 0.3145731245767101
378 0.2626779773785762
379 0.28643305401385716
380 0.20994124059450692
381 0
382 0.3128903154224124
383 0.2369280163231014
384 0.2887901397117987
385 0.20944006790270814
386 0.0
387 0
388 0
389 0
390 0.23802073913305602
391 0.2653794447805337
392 0
393 0.2758944793850454
394 0.2758944793850454
395 0
396 0.2759812659466639
397 0.2883156242012634
398 0.2546718271246573
399 0
400 0.25653346328784926
401 0
402 0.286526598446912
403 0.2840221574763498
404 0
405 0.22717360032222797
406 0
407 0.24755768748432405
408 0.2884104025129666
409 0
410 0.2832884870663366
411 0.2766775289954098
412 0
413 0.2378271738803048
414 0
415 0.3243417539535839
416 0.2177573701773255
417 0.23185635424007517
418 0.30697846201695045
419 0.2976066636514398
420 0
421 0.1919370913245339
422 0.204271116285086
423 0.2136737565622125
424 0.24195930624502054
425 0.27280610834715313
426 0
427 0.2906076331382724
428 0
429 0
430 0.23667236159817762
431 0.2884104025129666
432 0.28727715928108855
433 0.31001570475068707
434 0.294905695611578
435 0.22312930937040804
436 0.29313212310205294
437 0.2464450686641698
438 0.24479476686507937
439 0.2005817202662196
440 0.30697846201695045
441 0.26142563898821347
442 0.1774205145489271
443 0
444 0.24981333839534295
445 0.2515322375127421
446 0
447 0.29031914111331714
448 0.23155039441658604
449 0.262363769271664
450 0.24336877793188472
451 0.24853950267548
452 0.2787875578152032
453 0.24017094017094018
454 0.31255591180778214
455 0.2611921537494625
456 0.2939177368323097
457 0
458 0.24693060637333084
459 0.23667236159817762
460 0.24568592675565512
461 0
462 0
463 0.2515322375127421
464 0.2527641729888921
465 0.25371441424073005
466 0
467 0.2898395918217524
468 0.23654474102034093
469 0.2712038468143569
470 0
471 0.1872666903830191
472 0
473 0.28765391621129327
474 0.3063353507138423
475 0.22565443529949702
476 0.22438476840011368
477 0
478 0
479 0.22705601564297218
480 0.22565443529949702
481 0.20323012379996397
482 0
483 0.28624614826898676
484 0.2905114054451803
485 0.2515322375127421
486 0.28111004307736126
487 0
488 0.29031914111331714
489 0
490 0.20829640181492035
491 0.24404574254365632
492 0.25834642062557256
493 0.24988449001550683
494 0.30644234874063725
495 0
496 0
497 0
498 0.2907039246005449
499 0
500 0.2333983624486418
501 0.2558601471112407
502 0.2609590852006081
503 0
504 0.24003951968384252
505 0
506 0.30180407445629326
507 0.3093598182103119
508 0.30979676710608917
509 0
510 0
511 0.2885052431583178
512 0.0
513 0.16685896623135116
514 0.25827036928008373
515 0.0
516 0
517 0
518 0.29041524145794256
519 0
520 0.30827281955180763
521 0.2785220458553792
522 0.29570085758154513
523 0.18928682728035479
524 0.30957813847722104
525 0
526 0
527 0.3091418056534336
528 0
529 0.2907039246005449
530 0.2505982417721921
531 0
532 0.24981333839534295
533 0
534 0.2869952386144732
535 0
536 0
537 0
538 0.25880367092756473
539 0.22335652862638605
540 0
541 0.2873712559595298
542 0.3042109724148559
543 0
544 0.23654474102034093
545 0.25290990038755967
546 0.24727859200801702
547 0
548 0.24981333839534295
549 0
550 0.29421342872047096
551 0
552 0.1863914264806553
553 0.32908643827623574
554 0.18474298682763624
555 0.2939177368323097
556 0.294905695611578
557 0.23699201632751066
558 0.23321223935259022
559 0.24981333839534295
560 0.30697846201695045
561 0.25653346328784926
562 0.2775528138071637
563 0.21657478263254615
564 0.21851667358516674
565 0
566 0.2515322375127421
567 0.28964821539928837
568 0
569 0.23051614409995913
570 0.281832458864261
571 0.25002691491719703
572 0
573 0
574 0.25045516541377233
575 0.1757853024332688
576 0.2678096594763261
577 0.33679249306888465
578 0
579 0
580 0.24981333839534295
581 0
582 0
583 0.2712038468143569
584 0.28643305401385716
585 0
586 0.2681370551480576
587 0.2539347161923139
588 0.29167036052009454
589 0
590 0.2713716190672578
591 0.24748785456824948
592 0.3184553337366405
593 0
594 0.2079015271195366
595 0.2546718271246573
596 0.2796762653632274
597 0.28615278683771833
598 0.21700332536345399
599 0.0022222222222222222
600 0.22171959677645803
601 0.23015331701060976
602 0.2719604601501688
603 0.22676258579592776
604 0
605 0.2515322375127421
606 0.22565443529949702
607 0
608 0
609 0.00034722222222222224
610 0.30697846201695045
611 0.1536236113543065
612 0.30622842738025985
613 0.27624195354044223
614 0
615 0.29441088739746457
616 0.25167654745968
617 0.28624614826898676
618 0.20044424136267866
619 0.21862557798266744
620 0.18074669230417068
621 0.24832845865962197
622 0
623 0.26150356019208476
624 0.23654474102034093
625 0.2709525770365795
626 0.2612699358083515
627 0.26103672848689213
628 0.23756957607485635
629 0
630 0.26158152786059763
631 0.30838117555165007
632 0.25865107442348007
633 0.2567586902090853
634 0.31233337288873064
635 0.2299120661542045
636 0
637 0.2963000487823183
638 0.2971027580238552
639 0.21019272746632595
640 0.23654474102034093
641 0.2758944793850454
642 0
643 0
644 0.2859662465594669
645 0.26410127767743663
646 0.30697846201695045
647 0.2496711566432682
648 0.2394499029597283
649 0.281832458864261
650 0.29470757287351174
651 0
652 0.2496001264422317
653 0.31401018054561364
654 0.22629467228383918
655 0
656 0.2941147986739673
657 0.22717360032222797
658 0.0
659 0.2993328026081353
660 0.24136023230933823
661 0
662 0.15810856811037025
663 0.24479476686507937
664 0.28765391621129327
665 0.23234757532956685
666 0.22110495071684588
667 0
668 0.2712038468143569
669 0.2758944793850454
670 0.26879425381263616
671 0.26386299081035924
672 0.218952943460056
673 0
674 0.2905114054451803
675 0.25834642062557256
676 0
677 0.28337998851564744
678 0.25736123333659267
679 0.2622069469349804
680 0.29362263870296
681 0.2392540072114656
682 0.31513809067688375
683 0.3105644051130777
684 0.24384225804459267
685 0
686 0.30548204890126895
687 0
688 0.2773773140829733
689 0.2650587445451494
690 0.2894570915356135
691 0.26683225195998916
692 0.2766775289954098
693 0.21419542100694444
694 0.21503540305010893
695 0.30087258039932935
696 0.2678096594763261
697 0.28615278683771833
698 0
699 0.20313601399500913
700 0
701 0.2968012328973087
702 0.1432866967898815
703 0.31255591180778214
704 0.2721291701130411
705 0
706 0.21166331590939552
707 0.29530274131418527
708 0
709 0
710 0.21398644986449863
711 0.15142292793311088
712 0.2663462187141604
713 0
714 0.247907444036294
715 0.2604168727944329
716 0.29670086048171945
717 0
718 0.24465823883001797
719 0.17078926308048364
720 0.24465823883001797
721 0.24063204729688548
722 0
723 0.12837934510454266
724 0.2653794447805337
725 0
726 0.2939177368323097
727 0.22565443529949702
728 0.24981333839534295
729 0.25713494854760977
730 0.25290990038755967
731 0.19081001401575565
732 0.22577057242523016
733 0.25653346328784926
734 0.28138051457486996
735 0.30697846201695045
736 0
737 0.27790448034350473
738 0.23210170487948265
739 0.2951040849123594
740 0.18517189625252098
741 0.25088488545737614
742 0.2568338537600833
743 0
744 0
745 0.27204478897502155
746 0.2768521440342204
747 0.2631507031926948
748 0.2497422272827909
749 0.27128770700199273
750 0.23886317572677496
751 0.27053482714907323
752 0
753 0.3243417539535839
754 0.30946893983931023
755 0.17778002926939096
756 0.2313062073410083
757 0.0
758 0.17172527783214805
759 0.21884371275740694
760 0
761 0.28869511169609885
762 0.31023495206663526
763 0.23654474102034093
764 0.269454681954682
765 0.29283859961430053
766 0.20829640181492035
767 0.2546718271246573
768 0.21377788607320772
769 0.2467222847144107
770 0.25910940473846555
771 0.2661038654669228
772 0.2529828271177752
773 0.29560122791254867
774 0.23021370885448555
775 0.18160721267738447
776 0.21019272746632595
777 0.30957813847722104
778 0.27949807086474815
779 0.26158152786059763
780 0
781 0
782 0
783 0.19822513430737562
784 0.21424772758106092
785 0.2712038468143569
786 0.2406980643194635
787 0.2172720268559793
788 0.281832458864261
789 0.2667511232728624
790 0.25827036928008373
791 0.26473881848052033
792 0
793 0.289266219731106
794 0
795 0.0
796 0.21593513276998386
797 0.26103672848689213
798 0.30076943587399535
799 0.2912830160838129
800 0.25146014458138277
801 0.2777285357532271
802 0
803 0.29031914111331714
804 0.2659425415108956
805 0.2939177368323097
806 0.2558601471112407
807 0.2291913386740973
808 0.2836548478643532
809 0.0022222222222222222
810 0
811 0
812 0
813 0.24554840314705975
814 0.23439605782646125
815 0
816 0.0
817 0
818 0.29851801444179804
819 0.1930775625978091
820 0
821 0.20884181015102224
822 0.30284585586622176
823 0.29670086048171945
824 0.2939177368323097
825 0
826 0.24330128797682873
827 0.0
828 0.2310016967994851
829 0.25167654745968
830 0.27520214693991357
831 0.2766775289954098
832 0.270118363437329
833 0.19768914926643633
834 0
835 0.29770764996418203
836 0
837 0
838 0.29031914111331714
839 0.2702847949613199
840 0
841 0.21556374556374555
842 0.2550419896640827
843 0.21813636112492402
844 0.21079876127929947
845 0.22171959677645803
846 0.26228533466201626
847 0.23155039441658604
848 0.24981333839534295
849 0
850 0.2804809605001421
851 0
852 0
853 0.29041524145794256
854 0.21657478263254615
855 0.32374333743337436
856 0
857 0.2509566488685482
858 0.2515322375127421
859 0.23094089087771635
860 0.2104953081680529
861 0.27728964742239076
862 0.17557423342894626
863 0.29031914111331714
864 0.26150356019208476
865 0.24554840314705975
866 0.2653794447805337
867 0.23021370885448555
868 0.24056606647777473
869 0.18070946332532326
870 0
871 0.27659030404932045
872 0.2860594862877224
873 0.25979995393676175
874 0.28624614826898676
875 0.22415545335831488
876 0
877 0.2136737565622125
878 0.2941147986739673
879 0.2939177368323097
880 0
881 0.24868039808516
882 0.2681370551480576
883 0.29118634067190324
884 0.24839876683025042
885 0.2758944793850454
886 0.21748746763620339
887 0.18619364270892286
888 0.28727715928108855
889 0.27238262789333884
890 0.3012858669108669
891 0.3313234306814367
892 0.21450964411844609
893 0
894 0.23222457502499852
895 0.29031914111331714
896 0.2971027580238552
897 0.31707424808256035
898 0.2958005544317075
899 0
900 0.2681370551480576
901 0.2271147927632525
902 0.17078926308048364
903 0.28898038354560096
904 0.25865107442348007
905 0.23240912435614422
906 0.28012274726834113
907 0.26103672848689213
908 0.2882209081617754
909 0.2682190291789803
910 0.2887901397117987
911 0
912 0.294905695611578
913 0.24981333839534295
914 0
915 0.21482479051039285
916 0
917 0.30484518569994595
918 0.2712038468143569
919 0.21419542100694444
920 0
921 0.3173035965441029
922 0
923 0.1432866967898815
924 0
925 0.2683010533469249
926 0
927 0.286526598446912
928 0.28803166265411834
929 0.28274071686897984
930 0.2962000150048766
931 0
932 0.28347154909352
933 0.19244229972459848
934 0.3236239190130743
935 0.2369280163231014
936 0.2618157100699625
937 0
938 0.20484343788102835
939 0
940 0.2971027580238552
941 0
942 0.20474782834176067
943 0.252255446936298
944 0
945 0.31222222222222223
946 0.2596461806583144
947 0.31389783343271715
948 0.2873712559595298
949 0.26033959775799537
950 0.23167268139541708
951 0.2515322375127421
952 0.27764064697609003
953 0
954 0
955 0.30957813847722104
956 0.29342623560014863
957 0.1432866967898815
958 0.2915734278645545
959 0.2870891506689936
960 0.2459614366258605
961 0.0
962 0
963 0.2497422272827909
964 0.0
965 0.00034722222222222224
966 0
967 0.2513880929640242
968 0
969 0.0
970 0.2884104025129666
971 0.0
972 0.2758944793850454
973 0.24734830686339004
974 0.2712038468143569
975 0.3014929362352043
976 0.2459614366258605
977 0.2497422272827909
978 0.3088153623528492
979 0.2758944793850454
980 0
981 0.3118892443812458
982 0.3209014061610989
983 0.2758944793850454
984 0.29283859961430053
985 0.28012274726834113
986 0.32422189373408883
987 0.27659030404932045
988 0.1839682206845134
989 0.29801102053140094
990 0.2602623685685092
991 0.23654474102034093
992 0
993 0.24981333839534295
994 0.31255591180778214
995 0.30794820794820793
996 0
997 0
998 0.261114417989418
999 0.2713716190672578
1000 0.2060461353791556
1001 0.21341387605070408
1002 0.26103672848689213
1003 0.22421273816622653
1004 0.24499984486021906
1005 0.0
1006 0.29176735764697187
1007 0.23210170487948265
1008 0.2014105703499643
1009 0.2805706570017411
1010 0
1011 0
1012 0
1013 0.2097404839695062
1014 0
1015 0.29421342872047096
1016 0.17868522290110886
1017 0.26057156057156056
1018 0.2924481481481481
1019 0.2659425415108956
1020 0.24017094017094018
1021 0.29750574582721073
1022 0.2922533126064105
1023 0.25578555231616457
1024 0.3068710893474797
1025 0.2524732214228617
1026 0.2943121249394312
1027 0.31001570475068707
1028 0.22687986667815993
1029 0.27650313408271177
1030 0.28274071686897984
1031 0.2939177368323097
1032 0.2958005544317075
1033 0.25758791674822207
1034 0.0
1035 0.21419542100694444
1036 0
1037 0.30274135419062953
1038 0.28727715928108855
1039 0.20894128231589532
1040 0.22571248892319126
1041 0.2958005544317075
1042 0.2546718271246573
1043 0.23185635424007517
1044 0
1045 0.252255446936298
1046 0.2886001461988304
1047 0.20503492508633897
1048 0
1049 0.19110094629589294
1050 0
1051 0.2993328026081353
1052 0.2960001499475184
1053 0.1738692914079359
1054 0.2786104936311351
1055 0.1752585785945754
1056 0.33563291677293206
1057 0.26103672848689213
1058 0.29500485690801764
1059 0
1060 0.27781648019140104
1061 0.3124446027223805
1062 0.2392540072114656
1063 0.27606810712537583
1064 0
1065 0
1066 0.30274135419062953
1067 0.2721291701130411
1068 0.29254566336927124
1069 0
1070 0.2759812659466639
1071 0
1072 0.28727715928108855
1073 0.31880248708010334
1074 0.2185711122183469
1075 0.30957813847722104
1076 0.23021370885448555
1077 0.26473881848052033
1078 0.177744012245633
1079 0.32663605526598827
1080 0.23021370885448555
1081 0
1082 0.1891643907814671
1083 0.271120038456256
1084 0.20090323893850343
1085 0.28615278683771833
1086 0.29283859961430053
1087 0.2653794447805337
1088 0
1089 0.23860333000936754
1090 0.23654474102034093
1091 0.2663462187141604
1092 0.20403359173126615
1093 0.21310285267049903
1094 0.18928682728035479
1095 0
1096 0.187868189388532
1097 0.2650587445451494
1098 0.23265564689590146
1099 0.2860594862877224
1100 0.21299937956893528
1101 0.26103672848689213
1102 0.25045516541377233
1103 0.30957813847722104
1104 0.2509566488685482
1105 0
1106 0.30957813847722104
1107 0.18474298682763624
1108 0.2714555830583058
1109 0
1110 0.24370679012345678
1111 0.25600946730214313
1112 0.23167268139541708
1113 0.21482479051039285
1114 0.2755478782802903
1115 0.18871680887168088
1116 0.23021370885448555
1117 0.2766775289954098
1118 0
1119 0.26103672848689213
1120 0.19773370395412315
1121 0.18474298682763624
1122 0
1123 0
1124 0.2758944793850454
1125 0
1126 0
1127 0.29323009506833037
1128 0.2663462187141604
1129 0.2841141335636154
1130 0
1131 0.279765447845805
1132 0.23315026426905247
1133 0.20479562195248469
1134 0
1135 0.2626779773785762
1136 0.0022222222222222222
1137 0.2790535764772406
1138 0.24236034376918356
1139 0.28485209235209236
1140 0.24988449001550683
1141 0.28274071686897984
1142 0.29670086048171945
1143 0.3116676534438524
1144 0.3330844511937906
1145 0.23477239615853476
1146 0.0
1147 0.26103672848689213
1148 0.0
1149 0.28917087819526843
1150 0.2497422272827909
1151 0.20479562195248469
1152 0.18474298682763624
1153 0.2853152664859982
1154 0.2819230219937161
1155 0.2495291366451776
1156 0.30697846201695045
1157 0.25088488545737614
1158 0.31593246108910494
1159 0.30946893983931023
1160 0
1161 0.2387331821617536
1162 0.2546718271246573
1163 0.251748764546469
1164 0.23622629091126668
1165 0.26838312769790285
1166 0.32196126401630987
1167 0
1168 0.28793713306348684
1169 0.30697846201695045
1170 0.2757210699071164
1171 0.25474577364821266
1172 0.2515322375127421
1173 0.2221687628372865
1174 0.2596461806583144
1175 0.22646991338266506
1176 0.2366085341004435
1177 0.20894128231589532
1178 0.19822513430737562
1179 0.261114417989418
1180 0.25827036928008373
1181 0.24981333839534295
1182 0
1183 0
1184 0.2509566488685482
1185 0.24472648380598172
1186 0.28274071686897984
1187 0
1188 0.22646991338266506
1189 0.29089669908635424
1190 0
1191 0.00034722222222222224
1192 0.28765391621129327
1193 0.2958005544317075
1194 0.29167036052009454
1195 0.18579933173325802
1196 0
1197 0.17796033355871085
1198 0.29570085758154513
1199 0.2681370551480576
1200 0.24981333839534295
1201 0
1202 0.2515322375127421
1203 0.21372580863445662
1204 0.250813163077314
1205 0.27923120446990596
1206 0.28765391621129327
1207 0.24527381728947287
1208 0.24896266868457562
1209 0.23641725800173657
1210 0.2524732214228617
1211 0.31200015805278963
1212 0.2581943626970113
1213 0.20384396943411814
1214 0
1215 0.1942746776892038
1216 0.24575474634298164
1217 0.19210519913388316
1218 0.24479476686507937
1219 0.2885052431583178
1220 0.20894128231589532
1221 0.2941147986739673
1222 0
1223 0.22104924274236443
1224 0.2515322375127421
1225 0.2712038468143569
1226 0.25146014458138277
1227 0.25009818826808566
1228 0.0
1229 0.24554840314705975
1230 0.2624422508059959
1231 0
1232 0.22907165651290978
1233 0.2185711122183469
1234 0.22171959677645803
1235 0.24486308803919746
1236 0.29670086048171945
1237 0.25481976312647237
1238 0.25865107442348007
1239 0.0
1240 0
1241 0.23496101886567874
1242 0.22883266678258854
1243 0.27659030404932045
1244 0
1245 0.0
1246 0.3251832633226258
1247 0.2939177368323097
1248 0.3173035965441029
1249 0.2408963329062176
1250 0.25972304453654366
1251 0
1252 0
1253 0.23744098631784694
1254 0.3010790818271944
1255 0.3128903154224124
1256 0.266913430010479
1257 0.21197014845239054
1258 0
1259 0.2902231043481457
1260 0.23021370885448555
1261 0.2758944793850454
1262 0.31311364898088667
1263 0.2366085341004435
1264 0.2368001199580147
1265 0.252255446936298
1266 0.1421952097965064
1267 0
1268 0
1269 0
1270 0.2939177368323097
1271 0.24988449001550683
1272 0.22961121288784203
1273 0
1274 0.19822513430737562
1275 0.25459792351841104
1276 0.22016171755193084
1277 0.29540216984661427
1278 0.28643305401385716
1279 0.2789648472001413
1280 0.30076943587399535
1281 0.29421342872047096
1282 0.2712038468143569
1283 0.23142823646648494
1284 0.2883156242012634
1285 0.22273278609912273
1286 0.2764160190436183
1287 0.24981333839534295
1288 0.26995213675213675
1289 0.2366085341004435
1290 0.20493913675413325
1291 0.26103672848689213
1292 0.27520214693991357
1293 0.34045186047514336
1294 0.19286534281038567
1295 0
1296 0
1297 0.32687945024010595
1298 0
1299 0.19574842580197332
1300 0.2515322375127421
1301 0.2660231790310626
1302 0.266913430010479
1303 0.23327424739283287
1304 0
1305 0.2976066636514398
1306 0
1307 0.0
1308 0.26228533466201626
1309 0.3074087051311999
1310 0.24003951968384252
1311 0.21090010683760685
1312 0.21398644986449863
1313 0.2660231790310626
1314 0.27632895888014
1315 0.28869511169609885
1316 0.17868522290110886
1317 0.2509566488685482
1318 0.21377788607320772
1319 0.23886317572677496
1320 0.2509566488685482
1321 0.2458236044955014
1322 0.264260374832664
1323 0.31177840953960356
1324 0
1325 0
1326 0.2515322375127421
1327 0.31200015805278963
1328 0.29118634067190324
1329 0.17383484137991767
1330 0.24479476686507937
1331 0.27949807086474815
1332 0.23654474102034093
1333 0
1334 0.22901186229298995
1335 0
1336 0.0
1337 0.27078532235939645
1338 0.24981333839534295
1339 0.30697846201695045
1340 0.29500485690801764
1341 0.0
1342 0.21222652260388108
1343 0.22461455310917677
1344 0.19449001206926278
1345 0.26618460086299894
1346 0
1347 0.2097404839695062
1348 0.219830730254183
1349 0.0022222222222222222
1350 0.0
1351 0.20479562195248469
1352 0.23654474102034093
1353 0.2427627129065978
1354 0.2653794447805337
1355 0.1622908702264973
1356 0.25167654745968
1357 0.2712038468143569
1358 0.23167268139541708
1359 0.2667511232728624
1360 0.24479476686507937
1361 0.28746541430027667
1362 0.2558601471112407
1363 0.2758944793850454
1364 0.2608039371119038
1365 0.2860594862877224
1366 0
1367 0.18156962840323768
1368 0.31479886775904
1369 0.2631507031926948
1370 0.25196566468823794
1371 0.28765391621129327
1372 0
1373 0.23021370885448555
1374 0.2799439835495994
1375 0
1376 0.2424273126400786
1377 0.30827281955180763
1378 0.29720340258958144
1379 0.3026369246100188
1380 0.2497422272827909
1381 0.24988449001550683
1382 0
1383 0.28129029959744933
1384 0.20493913675413325
1385 0.281832458864261
1386 0.2716236670106639
1387 0.32663605526598827
1388 0.22788167388167388
1389 0
1390 0
1391 0.24296439890458169
1392 0.23496101886567874
1393 0.25378780574036575
1394 0.20884181015102224
1395 0
1396 0.304422083429717
1397 0
1398 0.26103672848689213
1399 0.22699726893776054
1400 0.23654474102034093
1401 0.2515322375127421
1402 0.1757853024332688
1403 0.21862557798266744
1404 0
1405 0
1406 0.27632895888014
1407 0.2531288068218247
1408 0.27255186220703465
1409 0.23654474102034093
1410 0.29902673634779975
1411 0.22335652862638605
1412 0.23654474102034093
1413 0.24630669411691308
1414 0.21069751307503468
1415 0
1416 0.26370437163944827
1417 0.3096874142055928
1418 0.22284593458075805
1419 0.19592327924172498
1420 0.30697846201695045
1421 0.2366085341004435
1422 0.25979995393676175
1423 0.2915734278645545
1424 0.27238262789333884
1425 0.29031914111331714
1426 0.29670086048171945
1427 0.22116068677702153
1428 0.20884181015102224
1429 0.26683225195998916
1430 0
1431 0
1432 0.24534240616455383
1433 0.3070859098510481
1434 0.24727859200801702
1435 0.29041524145794256
1436 0.25758791674822207
1437 0.20479562195248469
1438 0.28690138798052467
1439 0
1440 0.24017094017094018
